1001
1002
10031001
1002
10031001
1002
10031001
1002
10031001
1002
10031001
1002
10031001
1002
10031001
1002
10031001
1002
10031001
1002
10031001
1002
10031001
1002
10031001
1002
10031001
1002
10031001
1002
10031001
1002
10031001
1002
10031001
1002
10031001
1002
10031001
1002
10031001
1002
10031001
1002
10031001
1002
10031001
1002
10031001
1002
10031001
1002
10031001
1002
10031001
1002
10031001
1002
10031001
1002
10031001
1002
10031001
1002
10031001
1002
10031001
1002
10031001
1002
10031001
1002
10031001
1002
10031001
1002
10031001
1002
10031001
1002
10031001
1002
10031001
1002
10031001
1002
10031001
1002
1003
